# YOLOv5 Hyperparameter Evolution Results
# Best generation: 18
# Last generation: 32
#    metrics/precision,       metrics/recall,      metrics/mAP_0.5, metrics/mAP_0.5:0.95,         val/box_loss,         val/obj_loss,         val/cls_loss
#              0.39866,              0.67019,              0.46162,              0.33065,             0.035114,             0.032939,           0.00075672

lr0: 0.01014
lrf: 0.01008
momentum: 0.91831
weight_decay: 0.00037
warmup_epochs: 2.632
warmup_momentum: 0.86066
warmup_bias_lr: 0.10937
box: 0.0507
cls: 0.48002
cls_pw: 0.84757
obj: 0.92167
obj_pw: 0.92277
iou_t: 0.2
anchor_t: 5.1779
fl_gamma: 0.0
hsv_h: 0.01357
hsv_s: 0.40276
hsv_v: 0.28838
degrees: 0.0
translate: 0.0693
scale: 0.42028
shear: 0.0
perspective: 0.0
flipud: 0.0
fliplr: 0.5
mosaic: 1.0
mixup: 0.0
copy_paste: 0.0
anchors: 2.0
